Grafo com 0 vértices:
0.139000
0.021000
0.015000
0.015000
0.011000
0.011000
0.010000
0.012000
0.015000
0.015000
0.015000
0.012000
0.010000
0.010000
0.010000
0.014000
0.014000
0.015000
0.012000
0.011000
Média
0,019350
Desvio padrão
0,027578

Grafo com 5 vértices:
0.248000
0.055000
0.043000
0.059000
0.120000
0.070000
0.062000
0.051000
0.061000
0.047000
0.042000
0.041000
0.045000
0.043000
0.045000
0.042000
0.045000
0.046000
0.042000
0.045000
Média
0,062600
Desvio padrão
0,045933

Grafo com 10 vértices:
0.327000
0.125000
0.118000
0.123000
0.118000
0.089000
0.069000
0.094000
0.085000
0.072000
0.130000
0.070000
0.066000
0.075000
0.070000
0.067000
0.069000
0.069000
0.066000
0.067000
Média
0,098450
Desvio padrão
0,057073

Grafo com 15 vértices:
0.799000
0.378000
0.383000
0.412000
0.250000
0.240000
0.226000
0.247000
0.235000
0.237000
0.225000
0.221000
0.247000
0.239000
0.206000
0.199000
0.204000
0.235000
0.263000
0.262000
Média
0,285400
Desvio padrão
0,131628

Grafo com 20 vértices:
0.959000
0.566000
0.408000
0.338000
0.311000
0.318000
0.357000
0.307000
0.302000
0.313000
0.392000
0.428000
0.397000
0.324000
0.469000
0.518000
0.625000
0.568000
0.575000
0.420000
Média
0,444750
Desvio padrão
0,155145

Grafo com 25 vértices:
0.799000
0.504000
0.591000
0.460000
0.493000
0.450000
0.449000
0.447000
0.434000
0.388000
0.437000
0.405000
0.386000
0.390000
0.387000
0.432000
0.703000
0.749000
0.613000
0.530000
Média
0,502350
Desvio padrão
0,121739