Grafo com 0 vértices
0.123000
0.024000
0.021000
0.020000
0.020000
0.019000
0.019000
0.019000
0.020000
0.019000
0.020000
0.020000
0.019000
0.019000
0.019000
0.019000
0.019000
0.019000
0.019000
0.019000
Média
0.024800
Desvio padrão
0.022558

Grafo com 5 vértices
0.203000
0.039000
0.037000
0.033000
0.034000
0.061000
0.035000
0.033000
0.036000
0.033000
0.034000
0.035000
0.033000
0.033000
0.035000
0.033000
0.032000
0.035000
0.033000
0.033000
Média
0.044000
Desvio padrão
0.036976

Grafo com 10 vértices
0.177000
0.055000
0.051000
0.055000
0.050000
0.050000
0.052000
0.049000
0.049000
0.050000
0.049000
0.053000
0.050000
0.049000
0.049000
0.051000
0.051000
0.050000
0.051000
0.049000
Média
0.057000
Desvio padrão
0.027588

Grafo com 15 vértices
0.202000
0.083000
0.109000
0.082000
0.085000
0.053000
0.080000
0.107000
0.085000
0.096000
0.077000
0.073000
0.076000
0.073000
0.072000
0.077000
0.073000
0.076000
0.075000
0.074000
Média
0.086400
Desvio padrão
0.029159

Grafo com 20 vértices
0.237000
0.110000
0.133000
0.109000
0.131000
0.107000
0.106000
0.105000
0.107000
0.104000
0.126000
0.127000
0.109000
0.107000
0.104000
0.105000
0.109000
0.107000
0.105000
0.117000
Média
0.118250
Desvio padrão
0.028752

Grafo com 25 vértices
0.315000
0.182000
0.178000
0.118000
0.187000
0.163000
0.149000
0.149000
0.153000
0.166000
0.154000
0.147000
0.149000
0.152000
0.147000
0.149000
0.162000
0.158000
0.147000
0.149000
Média
0.163700
Desvio padrão
0.037660